=~=~=~=~=~=~=~=~=~=~=~= PuTTY log 2022.09.29 20:58:53 =~=~=~=~=~=~=~=~=~=~=~=
Arduino with HC-05 is ready
BTserial started at 9600
22.00
22.00
22.00
22.00
22.00
22.00
22.00
22.00
22.00
22.00
22.00
22.00
22.00
22.00
22.00
22.00
22.00
22.00
22.00
22.00
22.00
22.00
22.00
22.00
22.00
22.00
22.00
22.00
22.00
22.00
22.00
22.00
22.00
22.00
22.00
22.00
22.00
22.00
22.00
22.00
22.00
22.00
22.00
22.00
22.00
22.00
22.00
22.00
22.00
22.00
22.00
22.00
22.00
22.00
22.00
21.94
21.94
22.06
22.06
22.63
22.63
23.38
23.38
24.06
24.06
24.81
24.81
25.38
25.38
25.94
25.94
26.44
26.44
26.88
26.88
27.25
27.25
27.63
27.63
27.94
27.94
28.19
28.19
28.50
28.50
28.75
28.75
28.94
28.94
29.19
29.19
29.38
29.38
29.56
29.56
29.69
29.69
29.88
29.88
30.06
30.06
30.19
30.19
30.31
30.31
30.44
30.44
30.56
30.56
30.69
30.69
30.75
30.75
30.88
30.88
31.00
31.00
31.06
31.06
31.13
31.13
31.25
31.25
31.31
31.31
31.38
31.38
31.44
31.44
31.50
31.50
31.63
31.63
31.69
31.69
31.75
31.75
31.81
31.81
31.88
31.88
31.94
31.94
31.94
31.94
32.00
32.00
32.06
32.06
32.13
32.13
32.19
32.19
32.19
32.19
32.25
32.25
32.31
32.31
32.38
32.38
32.38
32.38
32.38
32.38
32.38
32.38
32.31
32.31
32.31
32.31
32.25
32.25
32.19
32.19
32.13
32.13
32.06
32.06
32.06
32.06
32.00
32.00
31.94
31.94
31.88
31.88
31.81
31.81
31.81
31.81
31.75
31.75
31.69
31.69
31.63
31.63
31.56
31.56
31.56
31.56
31.50
31.50
31.44
31.44
31.38
31.38
31.31
31.31
31.25
31.25
31.25
31.25
31.19
31.19
31.13
31.13
31.06
31.06
31.00
30.44
30.38
30.38
30.31
30.31
30.25
30.25
30.25
30.25
30.19
30.19
30.19
30.19
30.13
30.13
30.06
30.06
30.06
30.06
30.00
30.00
29.94
29.94
29.88
29.88
29.88
29.88
29.81
29.81
29.81
29.81
29.75
29.75
29.69
29.69
29.69
29.69
29.63
29.63
29.63
29.63
29.56
29.56
29.50
29.50
29.50
29.50
29.44
29.44
29.38
29.38
29.38
29.38
29.31
29.31
29.25
29.25
29.25
29.25
29.19
29.19
29.13
29.13
29.06
29.06
29.06
29.06
29.00
29.00
29.00
29.00
28.94
28.94
28.94
28.94
28.88
28.88
28.88
28.88
28.81
28.81
28.81
28.81
28.75
28.75
28.69
28.69
28.69
28.69
28.63
28.63
28.63
28.63
28.56
28.56
28.56
28.56
28.50
28.50
28.50
28.50
28.44
28.44
28.38
28.38
28.38
28.38
28.31
28.31
28.31
28.31
28.25
28.25
28.25
28.25
28.25
28.25
28.19
28.19
28.13
28.13
28.13
28.13
28.06
28.06
28.00
28.00
28.00
28.00
27.94
27.94
27.94
27.94
27.94
27.94
27.88
27.88
27.81
27.81
27.81
27.81
27.81
27.81
27.75
27.75
27.75
27.75
27.69
27.69
27.69
27.69
27.69
27.69
27.63
27.63
27.63
27.63
27.56
27.56
27.56
27.56
27.56
27.56
27.50
27.50
27.56
27.56
27.56
27.56
27.63
27.63
27.63
27.63
27.69
27.69
27.69
27.69
27.75
27.75
27.81
27.81
27.94
27.94
28.00
28.00
28.06
28.06
28.19
28.19
28.25
28.25
28.38
28.38
28.44
28.44
28.50
28.50
28.56
28.56
28.63
28.63
28.63
28.63
28.69
28.69
28.69
28.69
28.81
28.81
28.88
28.88
28.88
28.88
28.94
28.94
28.94
28.94
28.94
28.94
28.88
28.88
28.88
28.88
28.94
28.94
Arduino with HC-05 is ready
BTserial started at 9600
26.44
26.38
26.38
26.38
26.38
26.38
26.38
26.38
26.38
26.31
26.31
26.31
26.31
26.31
26.31
26.25
26.25
26.25
26.25
26.25
26.25
26.25
26.25
26.19
26.19
26.19
26.19
26.19
26.19
26.19
26.19
26.13
26.13
26.13
26.13
26.13
26.13
26.13
26.13
26.06
26.06
26.06
26.06
26.06
26.06
26.06
26.06
26.00
26.00
26.00
26.00
26.00
26.00
26.00
26.00
25.94
25.94
25.94
25.94
25.94
25.94
25.94
25.94
25.88
25.88
25.88
25.88
25.88
25.88
25.81
25.81
25.81
25.81
25.81
25.81
25.81
25.81
25.75
25.75
25.75
25.75
25.75
25.75
25.69
25.69
25.69
25.69
25.69
25.69
25.69
25.69
25.63
25.63
25.63
25.63
25.63
25.63
25.63
25.63
25.56
25.56
25.56
25.56
25.56
25.56
25.50
25.50
25.50
25.50
25.50
25.50
25.50
25.50
25.50
25.50
25.44
25.44
25.44
25.44
25.44
85.00
85.00
25.44
25.44
25.38
25.38
25.38
25.38
25.38
25.38
25.38
25.38
25.38
25.38
25.31
25.31
25.31
25.31
25.31
25.31
25.31
25.31
25.25
25.25
25.25
25.25
25.25
25.25
25.25
25.25
25.25
25.25
25.25
25.25
25.19
25.19
25.19
25.19
25.19
25.19
25.19
25.19
25.19
25.19
25.13
25.13
25.13
25.13
25.13
25.13
25.13
25.13
25.06
25.06
25.06
25.06
25.06
25.06
25.06
25.06
25.06
25.06
25.00
25.00
25.00
25.00
25.00
25.00
24.94
24.94
24.94
24.94
24.94
24.94
24.88
24.88
24.88
24.88
24.88
24.88
24.88
24.88
24.88
24.88
24.81
24.81
24.81
24.81
24.81
24.81
24.81
24.81
24.81
24.81
24.81
24.81
24.88
24.88
25.00
25.00
25.13
25.13
25.19
25.19
25.25
25.25
25.25
25.25
25.31
25.31
25.31
25.31
25.31
25.31
25.31
25.31
25.31
25.31
25.31
25.31
25.31
25.31
25.31
25.31
25.31
25.31
25.31
25.31
25.31
25.31
25.31
25.31
25.38
25.38
25.50
25.50
25.56
25.56
25.69
25.69
25.75
25.75
25.81
25.81
25.88
25.88
25.88
25.88
25.88
25.88
25.94
25.94
26.06
26.06
26.31
26.31
26.50
26.50
26.63
26.63
26.75
26.75
26.81
26.81
26.88
26.88
26.88
26.88
26.94
26.94
26.94
26.94
27.00
27.00
27.06
27.06
27.06
27.06
27.13
27.13
27.19
27.19
27.31
27.31
27.44
27.44
27.56
27.56
27.69
27.69
27.81
27.81
27.88
27.88
27.88
27.88
27.81
27.81
27.81
27.81
27.75
27.75
27.69
27.69
27.63
27.63
27.56
27.56
27.50
27.50
27.44
27.44
27.38
27.38
27.38
27.38
27.31
27.31
27.25
27.25
27.19
27.19
27.19
27.19
27.13
27.13
27.06
27.06
27.06
27.06
27.00
27.00
27.00
27.00
26.94
26.94
26.88
26.88
26.88
26.88
26.81
26.81
26.81
26.81
26.75
26.75
26.75
26.75
26.69
26.69
26.69
26.69
26.63
26.63
26.63
26.63
26.56
26.56
26.56
26.56
26.50
26.50
26.50
26.50
26.44
26.44
26.44
26.44
26.44
26.44
26.38
26.38
26.38
26.38
26.31
26.31
26.31
26.31
26.25
26.25
26.25
26.25
26.25
26.25
26.19
26.19
26.19
26.19
26.13
26.13
26.13
26.13
26.13
26.13
26.06
26.06
26.06
26.06
26.00
26.00
26.00
26.00
26.00
26.00
25.94
25.94
25.94
25.94
25.94
25.94
25.88
25.88
25.88
25.88
25.88
25.88
25.81
25.81
25.81
25.81
25.81
25.81
25.75
25.75
25.75
25.75
25.75
25.75
25.69
25.69
25.69
25.69
25.69
25.69
25.69
25.69
25.63
25.63
25.63
25.63
25.63
25.63
25.56
25.56
25.56
25.56
25.50
25.50
25.50
25.50
25.50
25.50
25.50
25.50
25.50
25.50
25.44
25.44
25.44
25.44
25.44
25.44
25.38
25.38
25.38
25.38
25.38
25.38
25.38
25.38
25.31
25.31
25.31
25.31
25.31
25.31
25.31
25.31
25.25
25.25
25.25
25.25
25.25
25.25
25.19
25.19
25.19
25.19
25.19
25.19
25.19
25.19
25.13
25.13
25.13
25.13
25.13
25.13
25.06
25.06
25.06
25.06
25.06
25.06
25.06
25.06
25.00
25.00
25.00
25.00
25.00
25.00
25.00
25.00
25.00
25.00
24.94
24.94
24.94
24.94
24.94
24.94
24.94
24.94
24.88
24.88
24.88
24.88
24.88
24.88
24.81
24.81
24.81
24.81
24.81
24.81
24.81
24.81
24.81
24.81
24.81
24.81
24.75
24.75
24.75
24.75
24.75
24.75
24.75
24.75
24.69
24.69
24.69
24.69
24.69
24.69
24.69
24.69
24.63
24.63
24.63
24.63
24.63
24.63
24.63
24.63
24.56
24.56
24.56
24.56
24.56
24.56
24.56
24.56
24.56
24.56
24.50
24.50
24.50
24.50
24.50
24.50
24.50
24.50
24.50
24.50
24.44
24.44
24.44
24.44
24.44
24.44
24.44
24.44
24.38
24.38
24.38
24.38
24.38
24.38
24.38
24.38
24.38
24.38
24.38
24.38
24.31
24.31
24.31
24.31
24.31
24.31
24.25
24.25
24.25
24.25
24.25
24.25
24.25
24.25
24.25
24.25
24.25
24.25
24.25
24.25
24.19
24.19
24.19
24.19
24.19
24.19
24.19
24.19
24.19
24.19
24.19
24.19
24.13
24.13
24.13
24.13
24.13
24.13
24.13
24.13
24.13
24.13
24.06
24.06
24.06
24.06
24.06
24.06
24.06
24.06
24.06
24.06
24.00
24.00
24.00
24.00
24.00
24.00
24.00
24.00
24.00
24.00
24.00
24.00
24.00
24.00
23.94
23.94
23.94
23.94
23.94
23.94
23.94
23.94
23.94
23.94
23.94
23.94
23.88
23.88
23.88
23.88
23.88
23.88
23.88
23.88
23.88
23.88
23.88
23.88
23.88
23.88
23.81
23.81
23.81
23.81
23.81
23.81
23.81
23.81
23.75
23.75
23.81
23.81
23.75
23.75
23.75
23.75
23.75
23.75
23.75
23.75
23.75
23.75
23.75
23.75
23.69
23.69
23.75
23.75
23.69
23.69
23.69
23.69
23.69
23.69
23.69
23.69
23.69
23.69
23.69
23.69
23.63
23.63
23.63
23.63
23.63
23.63
23.63
23.63
23.63
23.63
23.63
23.63
23.63
23.63
23.56
23.56
23.56
23.56
23.56
23.56
23.56
23.56
23.56
23.56
23.56
23.56
23.56
23.56
23.50
23.50
23.50
23.50
23.50
23.50
23.50
23.50
23.50
23.50
23.50
23.50
23.50
23.50
23.50
23.50
23.44
23.44
23.44
23.44
23.44
23.44
23.44
23.44
23.44
23.44
23.44
23.44
23.44
23.44
23.44
23.44
23.44
23.44
23.44
23.44
23.38
23.38
23.38
23.38
23.38
23.38
23.38
23.38
23.38
23.38
23.38
23.38
23.38
23.38
23.38
23.38
23.38
23.38
23.31
23.31
23.31
23.31
23.31
23.31
23.31
23.31
23.31
23.31
23.31
23.31
23.31
23.31
23.31
23.31
23.31
23.31
23.25
23.25
23.25
23.25
23.25
23.25
23.25
23.25
23.25
23.25
23.25
23.25
23.25
23.25
23.25
23.25
23.25
23.25
23.25
23.25
23.19
23.19
23.19
23.19
23.19
23.19
23.19
23.19
23.19
23.19
23.19
23.19
23.19
23.19
23.19
23.19
23.19
23.19
23.19
23.19
23.13
23.13
23.13
23.13
23.13
23.13
23.13
23.13
23.13
23.13
23.13
23.13
23.13
23.13
23.13
23.13
23.13
23.13
23.13
23.13
23.06
23.06
23.06
23.06
23.06
23.06
23.06
23.06
23.06
23.06
23.06
23.06
23.06
23.06
23.06
23.06
23.06
23.06
23.06
23.06
23.06
23.06
23.00
23.00
23.00
23.00
23.00
23.00
23.00
23.00
23.00
23.00
23.00
23.00
23.00
23.00
23.00
23.00
23.00
23.00
23.00
23.00
23.00
23.00
22.94
22.94
23.00
23.00
22.94
22.94
22.94
22.94
22.94
22.94
22.94
22.94
22.94
22.94
22.94
22.94
22.94
22.94
22.94
22.94
22.94
22.94
22.94
22.94
22.94
22.94
22.94
22.94
22.88
22.88
22.94
22.94
22.88
22.88
22.88
22.88
22.88
22.88
22.88
22.88
22.88
22.88
22.88
22.88
22.88
22.88
22.88
22.88
22.88
22.88
22.88
22.88
22.88
22.88
22.81
22.81
22.81
22.81
22.81
22.81
22.81
22.81
22.81
22.81
22.81
22.81
22.81
22.81
22.81
22.81
22.81
22.81
22.81
22.81
22.81
22.81
22.81
22.81
22.81
22.81
22.81
22.81
22.81
22.81
22.81
22.81
22.75
22.75
22.81
22.81
22.75
22.75
22.75
22.75
22.75
22.75
22.75
22.75
22.75
22.75
22.75
22.75
22.75
22.75
22.75
22.75
22.75
22.75
22.75
22.75
22.75
22.75
22.75
22.75
22.75
22.75
22.75
22.75
22.75
22.75
22.75
22.75
22.69
22.69
22.69
22.69
22.69
22.69
22.75
22.75
23.13
23.13
23.88
23.88
24.75
24.75
25.50
25.50
26.19
26.19
26.75
26.75
27.25
27.25
27.75
27.75
28.13
28.13
28.44
28.44
28.81
28.81
29.06
29.06
29.31
29.31
29.56
29.56
29.81
29.81
30.00
30.00
30.19
30.19
30.38
30.38
30.50
30.50
30.63
30.63
30.81
30.81
30.94
30.94
31.06
31.06
31.13
31.13
31.25
31.25
31.38
31.38
31.44
31.44
31.56
31.56
31.63
31.63
31.69
31.69
31.75
31.75
31.88
31.88
31.94
31.94
32.00
32.00
32.06
32.06
32.13
32.13
32.19
32.19
32.25
32.25
32.25
32.25
32.31
32.31
32.38
32.38
32.44
32.44
32.50
32.50
32.50
32.50
32.56
32.56
32.63
32.63
32.63
32.63
32.69
32.69
32.69
32.69
32.75
32.75
32.75
32.75
32.75
32.75
32.75
32.75
32.69
32.69
32.63
32.63
32.56
32.56
32.44
32.44
32.38
32.38
32.31
32.31
32.19
32.19
32.13
32.13
32.06
32.06
32.00
32.00
32.00
32.00
32.06
32.06
32.19
32.19
32.25
32.25
32.38
32.38
32.44
32.44
32.56
32.56
32.63
32.63
32.69
32.69
32.75
32.75
32.75
32.75
32.75
32.75
32.69
32.69
32.56
32.56
32.50
32.50
32.44
32.44
32.38
32.38
32.31
32.31
32.25
32.25
32.19
32.19
32.13
32.13
32.06
32.06
31.94
31.94
31.88
31.88
31.81
31.81
31.81
31.81
31.75
31.75
31.69
31.69
31.63
31.63
31.56
31.56
31.50
31.50
31.44
31.44
31.38
31.38
31.38
31.38
31.31
31.31
31.25
31.25
31.19
31.19
31.13
31.13
31.13
31.13
31.06
31.06
31.00
31.00
31.00
31.00
30.94
30.94
30.88
30.88
30.81
30.81
30.81
30.81
30.75
30.75
30.69
30.69
30.69
30.69
30.63
30.63
30.56
30.56
30.50
30.50
30.50
30.50
30.44
30.44
30.44
30.44
30.38
30.38
30.31
30.31
30.25
30.25
30.19
30.19
30.19
30.19
30.13
30.13
30.13
30.13
30.06
30.06
30.00
30.00
30.00
30.00
29.94
29.94
29.94
29.94
29.88
29.88
29.81
29.81
29.81
29.81
29.75
29.75
29.75
29.75
29.69
29.69
29.63
29.63
29.63
29.63
29.56
29.56
29.56
29.56
29.50
29.50
29.44
29.44
29.38
29.38
29.38
29.38
29.31
29.31
29.31
29.31
29.25
29.25
29.25
29.25
29.19
29.19
29.19
29.19
29.13
29.13
29.13
29.13
29.06
29.06
29.00
29.00
29.00
29.00
29.00
29.00
28.94
28.94
28.94
28.94
28.88
28.88
28.88
28.88
28.81
28.81
28.75
28.75
28.75
28.75
28.69
28.69
28.69
28.69
28.69
28.69
28.63
28.63
28.63
28.63
28.56
28.56
28.56
28.56
28.50
28.50
28.50
28.50
28.44
28.44
28.44
28.44
28.38
28.38
28.38
28.38
28.31
28.31
28.31
28.31
28.25
28.25
28.25
28.25
28.25
28.25
28.19
28.19
28.19
28.19
28.13
28.13
28.13
28.13
28.06
28.06
28.06
28.06
28.00
28.00
28.00
27.44
27.44
27.44
27.44
27.44
27.38
27.38
27.38
27.38
27.31
27.31
27.31
27.31
27.31
27.31
27.25
27.25
27.25
27.25
27.19
27.19
27.19
27.19
27.19
27.19
27.13
27.13
27.13
27.13
27.13
27.13
85.00
85.00
26.50
26.50
-127.00
-127.00
-127.00
-127.00
-127.00
-127.00
-127.00
-127.00
-127.00
-127.00
-127.00
-127.00
-127.00
-127.00
-127.00
-127.00
-127.00
-127.00
-127.00
-127.00
-127.00
-127.00
-127.00
-127.00
-127.00
-127.00
-127.00
-127.00
-127.00
-127.00
-127.00
-127.00
-127.00
-127.00
-127.00
-127.00
-127.00
-127.00
-127.00
-127.00
-127.00
-127.00
-127.00
-127.00
-127.00
-127.00
-127.00
-127.00
-127.00
-127.00
-127.00
-127.00
-127.00
-127.00
-127.00
-127.00
-127.00
-127.00
-127.00
-127.00
-127.00
-127.00
-127.00
-127.00
-127.00
-127.00
-127.00
-127.00
-127.00
-127.00
-127.00
-127.00
-127.00
-127.00
-127.00
-127.00
-127.00
-127.00
-127.00
-127.00
-127.00
-127.00
-127.00
-127.00
-127.00
-127.00
-127.00
-127.00
-127.00
-127.00
-127.00
-127.00
-127.00
-127.00
-127.00
-127.00
-127.00
-127.00
-127.00
-127.00
-127.00
-127.00
-127.00
-127.00
-127.00
-127.00
-127.00
-127.00
-127.00
-127.00
-127.00
-127.00
-127.00
-127.00
-127.00
-127.00
-127.00
-127.00
-127.00
-127.00
-127.00
-127.00
-127.00
-127.00
-127.00
-127.00
-127.00
-127.00
-127.00
-127.00
-127.00
-127.00
-127.00
-127.00
-127.00
-127.00
-127.00
-127.00
-127.00
-127.00
-127.00
-127.00
-127.00
-127.00
-127.00
-127.00
-127.00
-127.00
-127.00
-127.00
-127.00
-127.00
-127.00
-127.00
-127.00
-127.00
-127.00
-127.00
-127.00
-127.00
-127.00
-127.00
-127.00
-127.00
-127.00
-127.00
-127.00
-127.00
-127.00
-127.00
-127.00
-127.00
-127.00
-127.00
-127.00
-127.00
-127.00
-127.00
-127.00
-127.00
-127.00
-127.00
-127.00
-127.00
-127.00
-127.00
-127.00
-127.00
-127.00
-127.00
-127.00
-127.00
-127.00
-127.00
-127.00
-127.00
-127.00
-127.00
-127.00
-127.00
-127.00
-127.00
-127.00
-127.00
-127.00
-127.00
-127.00
-127.00
-127.00
-127.00
-127.00
-127.00
-127.00
-127.00
-127.00
-127.00
-127.00
-127.00
-127.00
-127.00
-127.00
-127.00
-127.00
-127.00
-127.00
-127.00
-127.00
-127.00
-127.00
-127.00
-127.00
-127.00
-127.00
-127.00
-127.00
-127.00
-127.00
-127.00
-127.00
-127.00
-127.00
-127.00
-127.00
-127.00
-127.00
-127.00
-127.00
-127.00
-127.00
-127.00
-127.00
-127.00
-127.00
-127.00
-127.00
-127.00
-127.00
-127.00
-127.00
-127.00
-127.00
-127.00
-127.00
-127.00
-127.00
-127.00
-127.00
-127.00
-127.00
-127.00
-127.00
-127.00
-127.00
-127.00
-127.00
-127.00
-127.00
-127.00
-127.00
-127.00
-127.00
-127.00
-127.00
-127.00
-127.00
-127.00
-127.00
-127.00
-127.00
-127.00
-127.00
-127.00
-127.00
-127.00
-127.00
-127.00
-127.00
-127.00
-127.00
-127.00
-127.00
-127.00
-127.00
-127.00
-127.00
-127.00
-127.00
-127.00
-127.00
-127.00
-127.00
-127.00
-127.00
-127.00
-127.00
-127.00
-127.00
-127.00
-127.00
-127.00
-127.00
-127.00
-127.00
-127.00
-127.00
-127.00
-127.00
-127.00
-127.00
-127.00
-127.00
-127.00
-127.00
-127.00
-127.00
-127.00
-127.00
-127.00
-127.00
-127.00
-127.00
-127.00
-127.00
-127.00
-127.00
-127.00
-127.00
-127.00
-127.00
-127.00
-127.00
-127.00
-127.00
-127.00
-127.00
-127.00
-127.00
-127.00
-127.00
-127.00
-127.00
-127.00
-127.00
-127.00
-127.00
-127.00
-127.00
-127.00
-127.00
-127.00
-127.00
-127.00
-127.00
-127.00
-127.00
-127.00
-127.00
-127.00
-127.00
-127.00
-127.00
-127.00
-127.00
-127.00
-127.00
-127.00
-127.00
-127.00
-127.00
-127.00
-127.00
-127.00
-127.00
-127.00
-127.00
-127.00
-127.00
-127.00
-127.00
-127.00
-127.00
-127.00
-127.00
-127.00
-127.00
-127.00
-127.00
-127.00
-127.00
-127.00
-127.00
-127.00
-127.00
-127.00
-127.00
-127.00
-127.00
-127.00
-127.00
-127.00
-127.00
-127.00
-127.00
-127.00
-127.00
-127.00
-127.00
-127.00
-127.00
-127.00
-127.00
-127.00
-127.00
-127.00
-127.00
-127.00
-127.00
-127.00
-127.00
-127.00
-127.00
-127.00
-127.00
-127.00
-127.00
-127.00
-127.00
-127.00
-127.00
-127.00
-127.00
-127.00
-127.00
-127.00
-127.00
-127.00
-127.00
-127.00
-127.00
-127.00
-127.00
-127.00
-127.00
-127.00
-127.00
-127.00
-127.00
-127.00
-127.00
-127.00
-127.00
-127.00
-127.00
-127.00
-127.00
-127.00
-127.00
-127.00
-127.00
-127.00
-127.00
-127.00
-127.00
-127.00
-127.00
-127.00
-127.00
-127.00
-127.00
-127.00
-127.00
-127.00
-127.00
-127.00
-127.00
-127.00
-127.00
-127.00
-127.00
-127.00
-127.00
-127.00
-127.00
-127.00
-127.00
-127.00
-127.00
-127.00
-127.00
-127.00
-127.00
-127.00
-127.00
-127.00
-127.00
-127.00
-127.00
-127.00
-127.00
-127.00
-127.00
-127.00
-127.00
-127.00
-127.00
-127.00
-127.00
-127.00
-127.00
-127.00
-127.00
-127.00
-127.00
-127.00
-127.00
-127.00
-127.00
-127.00
-127.00
-127.00
-127.00
-127.00
-127.00
-127.00
-127.00
-127.00
-127.00
-127.00
-127.00
-127.00
-127.00
-127.00
-127.00
-127.00
-127.00
-127.00
-127.00
-127.00
-127.00
-127.00
-127.00
-127.00
-127.00
-127.00
-127.00
-127.00
-127.00
-127.00
-127.00
-127.00
-127.00
-127.00
-127.00
-127.00
-127.00
-127.00
-127.00
-127.00
-127.00
-127.00
-127.00
-127.00
-127.00
-127.00
-127.00
-127.00
-127.00
-127.00
-127.00
-127.00
-127.00
-127.00
-127.00
-127.00
-127.00
-127.00
-127.00
-127.00
-127.00
-127.00
-127.00
-127.00
-127.00
-127.00
-127.00
-127.00
-127.00
-127.00
-127.00
-127.00
-127.00
-127.00
-127.00
-127.00
-127.00
-127.00
-127.00
-127.00
-127.00
-127.00
-127.00
-127.00
-127.00
-127.00
-127.00
-127.00
-127.00
-127.00
-127.00
-127.00
-127.00
-127.00
-127.00
-127.00
-127.00
-127.00
-127.00
-127.00
-127.00
-127.00
-127.00
-127.00
-127.00
-127.00
-127.00
-127.00
-127.00
-127.00
-127.00
-127.00
-127.00
-127.00
-127.00
-127.00
-127.00
-127.00
-127.00
-127.00
-127.00
-127.00
-127.00
-127.00
-127.00
-127.00
-127.00
-127.00
-127.00
-127.00
-127.00
-127.00
-127.00
-127.00
-127.00
-127.00
-127.00
-127.00
-127.00
-127.00
-127.00
-127.00
-127.00
-127.00
-127.00
-127.00
-127.00
-127.00
-127.00
-127.00
-127.00
-127.00
-127.00
-127.00
-127.00
-127.00
-127.00
-127.00
-127.00
-127.00
-127.00
-127.00
-127.00
-127.00
-127.00
-127.00
-127.00
-127.00
-127.00
-127.00
-127.00
-127.00
-127.00
-127.00
-127.00
-127.00
-127.00
-127.00
-127.00
-127.00
-127.00
-127.00
-127.00
-127.00
-127.00
-127.00
-127.00
-127.00
-127.00
-127.00
-127.00
-127.00
-127.00
-127.00
-127.00
-127.00
-127.00
-127.00
-127.00
-127.00
-127.00
-127.00
-127.00
-127.00
-127.00
-127.00
-127.00
-127.00
-127.00
-127.00
-127.00
-127.00
-127.00
-127.00
-127.00
-127.00
-127.00
-127.00
-127.00
-127.00
-127.00
-127.00
-127.00
-127.00
-127.00
-127.00
-127.00
-127.00
-127.00
-127.00
-127.00
-127.00
-127.00
-127.00
-127.00
-127.00
-127.00
-127.00
-127.00
-127.00
-127.00
-127.00
-127.00
-127.00
-127.00
-127.00
-127.00
-127.00
-127.00
-127.00
-127.00
-127.00
-127.00
-127.00
-127.00
-127.00
-127.00
-127.00
-127.00
-127.00
-127.00
-127.00
-127.00
-127.00
-127.00
-127.00
-127.00
-127.00
-127.00
-127.00
-127.00
-127.00
-127.00
-127.00
-127.00
-127.00
-127.00
-127.00
-127.00
-127.00
-127.00
-127.00
-127.00
-127.00
-127.00
-127.00
-127.00
-127.00
-127.00
-127.00
-127.00
-127.00
-127.00
-127.00
-127.00
-127.00
-127.00
-127.00
-127.00
-127.00
-127.00
-127.00
-127.00
-127.00
-127.00
-127.00
-127.00
-127.00
-127.00
-127.00
-127.00
-127.00
-127.00
-127.00
-127.00
-127.00
-127.00
-127.00
-127.00
-127.00
-127.00
-127.00
-127.00
-127.00
-127.00
-127.00
-127.00
-127.00
-127.00
-127.00
-127.00
-127.00
-127.00
-127.00
-127.00
-127.00
-127.00
-127.00
-127.00
-127.00
-127.00
-127.00
-127.00
-127.00
-127.00
-127.00
-127.00
-127.00
-127.00
-127.00
-127.00
-127.00
-127.00
-127.00
-127.00
-127.00
-127.00
-127.00
-127.00
-127.00
-127.00
-127.00
-127.00
-127.00
-127.00
-127.00
-127.00
-127.00
-127.00
-127.00
-127.00
-127.00
-127.00
-127.00
-127.00
-127.00
-127.00
-127.00
-127.00
-127.00
-127.00
-127.00
-127.00
-127.00
-127.00
-127.00
-127.00
-127.00
-127.00
-127.00
-127.00
-127.00
-127.00
-127.00
-127.00
-127.00
-127.00
-127.00
-127.00
-127.00
-127.00
-127.00
-127.00
-127.00
-127.00
-127.00
-127.00
-127.00
-127.00
-127.00
-127.00
-127.00
-127.00
-127.00
-127.00
-127.00
-127.00
-127.00
-127.00
-127.00
-127.00
-127.00
-127.00
-127.00
-127.00
-127.00
-127.00
-127.00
-127.00
-127.00
-127.00
-127.00
-127.00
-127.00
-127.00
-127.00
-127.00
-127.00
-127.00
-127.00
-127.00
-127.00
-127.00
-127.00
-127.00
-127.00
-127.00
-127.00
-127.00
-127.00
-127.00
-127.00
-127.00
-127.00
-127.00
-127.00
-127.00
-127.00
-127.00
-127.00
-127.00
-127.00
-127.00
-127.00
-127.00
-127.00
-127.00
-127.00
-127.00
-127.00
-127.00
-127.00
-127.00
-127.00
-127.00
-127.00
-127.00
-127.00
-127.00
-127.00
-127.00
-127.00
-127.00
-127.00
-127.00
-127.00
-127.00
-127.00
-127.00
-127.00
-127.00
-127.00
-127.00
-127.00
-127.00
-127.00
-127.00
-127.00
-127.00
-127.00
-127.00
-127.00
-127.00
-127.00
-127.00
-127.00
-127.00
-127.00
-127.00
-127.00
-127.00
-127.00
-127.00
-127.00
-127.00
-127.00
-127.00
-127.00
-127.00
-127.00
-127.00
-127.00
-127.00
-127.00
-127.00
-127.00
-127.00
-127.00
-127.00
-127.00
-127.00
-127.00
-127.00
-127.00
-127.00
-127.00
-127.00
-127.00
-127.00
-127.00
-127.00
-127.00
-127.00
-127.00
-127.00
-127.00
-127.00
-127.00
-127.00
-127.00
-127.00
-127.00
-127.00
-127.00
-127.00
-127.00
-127.00
-127.00
-127.00
-127.00
-127.00
-127.00
-127.00
-127.00
-127.00
-127.00
-127.00
-127.00
-127.00
-127.00
-127.00
-127.00
-127.00
-127.00
-127.00
-127.00
-127.00
-127.00
-127.00
-127.00
-127.00
-127.00
-127.00
-127.00
-127.00
-127.00
-127.00
-127.00
-127.00
-127.00
-127.00
-127.00
-127.00
-127.00
-127.00
-127.00
-127.00
-127.00
-127.00
-127.00
-127.00
-127.00
-127.00
-127.00
-127.00
-127.00
-127.00
-127.00
-127.00
-127.00
-127.00
-127.00
-127.00
-127.00
-127.00
-127.00
-127.00
-127.00
-127.00
-127.00
-127.00
-127.00
-127.00
-127.00
-127.00
-127.00
-127.00
-127.00
-127.00
-127.00
-127.00
-127.00
-127.00
-127.00
-127.00
-127.00
-127.00
-127.00
-127.00
-127.00
-127.00
-127.00
-127.00
-127.00
-127.00
-127.00
-127.00
-127.00
-127.00
-127.00
-127.00
-127.00
-127.00
-127.00
-127.00
-127.00
-127.00
-127.00
-127.00
-127.00
-127.00
-127.00
-127.00
-127.00
-127.00
-127.00
-127.00
-127.00
-127.00
-127.00
-127.00
-127.00
-127.00
-127.00
-127.00
-127.00
-127.00
-127.00
-127.00
-127.00
-127.00
-127.00
-127.00
-127.00
-127.00
-127.00
-127.00
-127.00
-127.00
-127.00
-127.00
-127.00
-127.00
-127.00
-127.00
-127.00
-127.00
-127.00
-127.00
-127.00
-127.00
-127.00
-127.00
-127.00
-127.00
-127.00
-127.00
-127.00
-127.00
-127.00
-127.00
-127.00
-127.00
-127.00
-127.00
-127.00
-127.00
-127.00
-127.00
-127.00
-127.00
-127.00
-127.00
-127.00
-127.00
-127.00
-127.00
-127.00
-127.00
-127.00
-127.00
-127.00
-127.00
-127.00
-127.00
-127.00
-127.00
-127.00
-127.00
-127.00
-127.00
-127.00
-127.00
-127.00
-127.00
-127.00
-127.00
-127.00
-127.00
-127.00
-127.00
-127.00
-127.00
-127.00
-127.00
-127.00
-127.00
-127.00
-127.00
-127.00
-127.00
-127.00
-127.00
-127.00
-127.00
-127.00
-127.00
-127.00
-127.00
-127.00
-127.00
-127.00
-127.00
-127.00
-127.00
-127.00
-127.00
-127.00
-127.00
-127.00
-127.00
-127.00
-127.00
-127.00
-127.00
-127.00
-127.00
-127.00
-127.00
-127.00
-127.00
-127.00
-127.00
-127.00
-127.00
-127.00
-127.00
-127.00
-127.00
-127.00
-127.00
-127.00
-127.00
-127.00
-127.00
-127.00
-127.00
-127.00
-127.00
-127.00
-127.00
-127.00
-127.00
-127.00
-127.00
-127.00
-127.00
-127.00
-127.00
-127.00
-127.00
-127.00
-127.00
-127.00
-127.00
-127.00
-127.00
-127.00
-127.00
-127.00
-127.00
-127.00
-127.00
-127.00
-127.00
-127.00
-127.00
-127.00
-127.00
-127.00
-127.00
-127.00
-127.00
-127.00
-127.00
-127.00
-127.00
-127.00
-127.00
-127.00
-127.00
-127.00
-127.00
-127.00
-127.00
-127.00
-127.00
-127.00
-127.00
-127.00
-127.00
-127.00
-127.00
-127.00
-127.00
-127.00
-127.00
-127.00
-127.00
-127.00
-127.00
-127.00
-127.00
-127.00
-127.00
-127.00
-127.00
-127.00
-127.00
-127.00
-127.00
-127.00
-127.00
-127.00
-127.00
-127.00
-127.00
-127.00
-127.00
-127.00
-127.00
-127.00
-127.00
-127.00
-127.00
-127.00
-127.00
-127.00
-127.00
-127.00
-127.00
-127.00
-127.00
-127.00
-127.00
-127.00
-127.00
-127.00
-127.00
-127.00
-127.00
-127.00
-127.00
-127.00
-127.00
-127.00
-127.00
-127.00
-127.00
-127.00
-127.00
-127.00
-127.00
-127.00
-127.00
-127.00
-127.00
-127.00
-127.00
-127.00
-127.00
-127.00
-127.00
-127.00
-127.00
-127.00
-127.00
-127.00
-127.00
-127.00
-127.00
-127.00
-127.00
-127.00
-127.00
-127.00
-127.00
-127.00
-127.00
-127.00
-127.00
-127.00
-127.00
-127.00
-127.00
-127.00
-127.00
-127.00
-127.00
-127.00
-127.00
-127.00
-127.00
-127.00
-127.00
-127.00
-127.00
-127.00
-127.00
-127.00
-127.00
-127.00
-127.00
-127.00
-127.00
-127.00
-127.00
-127.00
-127.00
-127.00
-127.00
-127.00
-127.00
-127.00
-127.00
-127.00
-127.00
-127.00
-127.00
-127.00
-127.00
-127.00
-127.00
-127.00
-127.00
-127.00
-127.00
-127.00
-127.00
-127.00
-127.00
-127.00
-127.00
-127.00
-127.00
-127.00
-127.00
-127.00
-127.00
-127.00
-127.00
-127.00
-127.00
-127.00
-127.00
-127.00
-127.00
-127.00
-127.00
-127.00
-127.00
-127.00
-127.00
-127.00
-127.00
-127.00
-127.00
-127.00
85.00
85.00
22.06
22.06
21.88
21.88
21.88
21.88
21.88
21.88
21.88
21.88
21.88
21.88
21.88
21.88
21.88
21.88
21.88
21.88
21.88
21.88
21.88
21.88
21.88
21.88
21.88
21.88
21.88
21.88
21.94
21.94
22.25
22.25
22.81
22.81
23.50
23.50
24.13
24.13
24.94
24.94
25.63
25.63
26.25
26.25
26.81
26.81
27.25
27.25
27.63
27.63
28.00
28.00
28.31
28.31
28.63
28.63
28.88
28.88
29.06
29.06
29.31
29.31
29.50
29.50
29.69
29.69
29.88
29.88
30.00
30.00
30.19
30.19
30.31
30.31
30.44
30.44
30.56
30.56
30.69
30.69
30.88
30.88
31.06
31.06
31.25
31.25
31.38
31.38
31.56
31.56
31.75
31.75
31.88
31.88
32.00
32.00
32.13
32.13
32.25
32.25
32.31
32.31
32.38
32.38
32.50
32.50
32.56
32.56
32.63
32.63
32.63
32.63
32.69
32.69
32.63
32.63
32.56
32.56
32.44
32.44
32.31
32.31
32.25
32.25
32.13
32.13
32.06
32.06
31.94
31.94
31.88
31.88
31.81
31.81
31.75
31.75
31.69
31.69
31.63
31.63
31.56
31.56
31.44
31.44
31.38
31.38
31.31
31.31
31.25
31.25
31.19
31.19
31.13
31.13
31.06
31.06
31.06
31.06
30.94
30.94
30.94
30.94
30.88
30.88
30.81
30.81
30.75
30.75
30.69
30.69
30.63
30.63
30.63
30.63
30.56
30.56
30.50
30.50
30.44
30.44
30.38
30.38
30.38
30.38
30.31
30.31
30.25
30.25
30.19
30.19
30.19
30.19
30.13
30.13
30.06
30.06
30.00
30.00
30.00
30.00
29.94
29.94
29.94
29.94
29.88
29.88
29.81
29.81
29.81
29.81
29.75
29.75
29.69
29.69
29.69
29.69
29.63
29.63
29.63
29.63
29.56
29.56
29.50
29.50
29.50
29.50
29.44
29.44
29.44
29.44
29.38
29.38
29.38
29.38
29.31
29.31
29.25
29.25
29.25
29.25
29.19
29.19
29.19
29.19
29.13
29.13
29.13
29.13
29.06
29.06
29.00
29.00
29.00
29.00
28.94
28.94
28.94
28.94
28.88
28.88
28.88
28.88
28.81
28.81
28.81
28.81
28.75
28.75
28.75
28.75
28.69
28.69
28.69
28.69
28.63
28.63
28.63
28.63
28.56
28.56
28.50
28.50
28.50
28.50
28.44
28.44
28.44
28.44
28.38
28.38
28.38
28.38
28.31
28.31
28.25
28.25
28.25
28.25
28.25
28.25
28.19
28.19
28.19
28.19
28.13
28.13
28.13
28.13
28.06
28.06
28.06
28.06
28.00
28.00
28.00
28.00
27.94
27.94
27.94
27.94
27.88
27.88
27.88
27.88
27.81
27.81
27.81
27.81
27.75
27.75
27.75
27.75
27.69
27.69
27.69
27.69
27.69
27.69
27.63
27.63
27.63
27.63
27.56
27.56
27.56
27.56
27.56
27.56
27.50
27.50
27.50
27.50
27.44
27.44
27.44
27.44
27.44
27.44
27.38
27.38
27.38
27.38
27.31
27.31
27.31
27.31
27.25
27.25
27.25
27.25
27.19
27.19
27.19
27.19
27.19
27.19
27.13
27.13
27.13
27.13
27.06
27.06
27.06
27.06
27.06
27.06
27.00
27.00
27.00
27.00
27.00
27.00
26.94
26.94
26.94
26.94
26.88
26.88
26.88
26.88
26.81
26.81
26.81
26.81
26.81
26.81
26.75
26.75
26.75
26.75
26.75
26.75
26.69
26.69
26.69
26.69
26.63
26.63
26.63
26.63
26.63
26.63
26.56
26.56
26.56
26.56
26.56
26.56
26.56
26.56
26.50
26.50
26.50
26.50
26.44
26.44
26.44
26.44
26.44
26.44
26.38
26.38
26.38
26.38
26.38
26.38
26.31
26.31
26.31
26.31
26.31
26.31
26.25
26.25
26.25
26.25
26.19
26.19
26.19
26.19
26.19
26.19
26.19
26.19
26.13
26.13
26.13
26.13
26.06
26.06
26.06
26.06
26.06
26.06
26.06
26.06
26.00
26.00
26.00
26.00
26.00
26.00
26.00
26.00
25.94
25.94
25.94
25.94
25.94
25.94
25.88
25.88
25.88
25.88
25.88
25.88
25.88
25.88
25.81
25.81
25.81
25.81
25.81
25.81
25.75
25.75
25.75
25.75
25.75
25.75
25.75
25.75
25.69
25.69
25.69
25.69
25.69
25.69
25.63
25.63
25.63
25.63
25.63
25.63
25.63
25.63
25.56
25.56
25.56
25.56
25.56
25.56
25.56
25.56
25.50
25.50
25.50
25.50
25.50
25.50
25.50
25.50
25.44
25.44
25.44
25.44
25.44
25.44
25.38
25.38
25.38
25.38
25.38
25.38
25.38
25.38
25.31
25.31
25.31
25.31
25.31
25.31
25.25
25.25
25.25
25.25
25.25
25.25
25.25
25.25
25.25
25.25
25.19
25.19
25.19
25.19
25.19
25.19
25.19
25.19
25.13
25.13
25.13
25.13
25.13
25.13
25.06
25.06
25.06
25.06
25.06
25.06
25.06
25.06
25.06
25.06
25.00
25.00
25.00
25.00
25.00
25.00
25.00
25.00
24.94
24.94
24.94
24.94
24.94
24.94
24.94
24.94
24.94
24.94
24.94
24.94
24.88
24.88
24.88
24.88
24.88
24.88
24.88
24.88
24.88
24.88
24.81
24.81
24.81
24.81
24.81
24.81
24.75
24.75
24.75
24.75
24.75
24.75
24.75
24.75
24.75
24.75
24.69
24.69
24.69
24.69
24.69
24.69
24.69
24.69
24.69
24.69
24.63
24.63
24.63
24.63
24.63
24.63
24.63
24.63
24.56
24.56
24.56
24.56
24.56
24.56
24.50
24.50
24.56
24.56
24.50
24.50
24.50
24.50
24.50
24.50
24.50
24.50
24.50
24.50
24.44
24.44
24.44
24.44
24.44
24.44
24.44
24.44
24.44
24.44
24.44
24.44
24.38
24.38
24.38
24.38
24.38
24.38
24.50
24.50
24.94
24.94
25.56
25.56
26.13
26.13
26.69
26.69
27.13
27.13
27.56
27.56
27.94
27.94
28.31
28.31
28.63
28.63
28.88
28.88
29.13
29.13
29.38
29.38
29.63
29.63
29.81
29.81
30.00
30.00
30.19
30.19
30.38
30.38
30.50
30.50
30.69
30.69
30.81
30.81
30.94
30.94
31.06
31.06
31.13
31.13
31.25
31.25
31.38
31.38
31.44
31.44
31.56
31.56
31.63
31.63
31.69
31.69
31.81
31.81
31.88
31.88
31.94
31.94
32.00
32.00
32.06
32.06
32.13
32.13
32.19
32.19
32.25
32.25
32.31
32.31
32.38
32.38
32.44
32.44
32.50
32.50
32.50
32.50
32.56
32.56
32.63
32.63
32.63
32.63
32.69
32.69
32.63
32.63
32.56
32.56
32.50
32.50
32.44
32.44
32.38
32.38
32.31
32.31
32.19
32.19
32.13
32.13
32.06
32.06
32.06
32.06
32.13
32.13
32.31
32.31
32.44
32.44
32.56
32.56
32.69
32.69
32.75
32.75
32.81
32.81
32.81
32.81
32.75
32.75
32.69
32.69
32.63
32.63
32.56
32.56
32.50
32.50
32.44
32.44
32.38
32.38
32.25
32.25
32.19
32.19
31.31
31.31
31.25
31.25
31.25
31.25
31.19
31.19
31.19
31.19
31.13
31.13
31.13
31.13
31.06
31.06
31.06
31.06
31.00
31.00
29.81
29.81
31.19
31.19
31.13
31.13
31.44
31.44
31.00
-127.00
-127.00
-127.00
-127.00
-127.00
-127.00
-127.00
-127.00
-127.00
-127.00
-127.00
-127.00
-127.00
-127.00
-127.00
-127.00
-127.00
-127.00
85.00
85.00
30.25
30.25
30.19
30.19
30.19
30.19
30.13
30.13
30.06
30.06
30.06
30.06
30.00
30.00
29.94
29.94
29.88
29.88
29.88
29.88
29.81
29.81
29.75
29.75
29.69
85.00
85.00
29.75
29.75
29.06
29.06
28.88
-127.00
-127.00
-127.00
-127.00
-127.00
-127.00
-127.00
-127.00
85.00
85.00
29.31
29.31
29.25
29.25
29.19
29.19
29.19
29.19
29.13
29.13
29.13
29.13
29.06
29.06
29.00
29.00
29.00
29.00
28.94
28.94
28.88
28.88
28.88
28.88
28.81
28.81
28.75
28.75
28.75
28.75
28.69
28.69
28.69
28.69
28.63
28.63
28.63
28.63
28.56
28.56
28.50
28.50
28.50
28.50
28.44
28.44
28.44
28.44
28.38
28.38
28.38
28.38
28.31
28.31
28.31
28.31
28.25
28.25
28.19
28.19
28.19
28.19
28.19
28.19
28.13
28.13
28.06
28.06
28.06
28.06
28.00
28.00
28.00
28.00
27.94
27.94
27.88
27.88
27.88
27.88
27.88
27.88
27.81
27.81
27.75
27.75
27.75
27.75
27.69
27.69
27.69
27.69
27.63
27.63
27.63
27.63
27.63
27.63
27.56
27.56
27.56
27.56
27.50
27.50
27.50
27.50
27.44
27.44
27.44
27.44
27.38
27.38
27.38
27.38
27.31
27.31
27.31
27.31
27.25
27.25
27.25
27.25
27.19
27.19
27.19
27.19
27.13
27.13
27.13
27.13
27.06
27.06
27.06
27.06
27.00
27.00
27.00
27.00
26.94
26.94
26.94
26.94
26.94
26.94
26.88
26.88
26.88
26.88
26.81
26.81
26.81
26.81
26.81
26.81
26.75
26.75
26.75
26.75
26.69
26.69
26.69
26.69
26.63
26.63
26.63
26.63
26.63
26.63
26.56
26.56
26.56
26.56
26.50
26.50
26.50
26.50
26.50
26.50
26.50
26.50
26.50
26.50
26.44
26.44
26.44
26.44
26.44
26.44
26.38
26.38
26.38
26.38
26.31
26.31
26.31
26.31
26.25
26.25
26.25
26.25
26.25
26.25
26.19
26.19
26.19
26.19
26.19
26.19
26.13
26.13
26.13
26.13
26.13
26.13
26.06
26.06
26.06
26.06
26.06
26.06
26.00
26.00
26.00
26.00
26.00
26.00
25.94
25.94
25.94
25.94
25.88
25.88
25.88
25.88
25.88
25.88
25.81
25.81
25.81
25.81
25.81
25.81
25.75
25.75
25.75
25.75
25.75
25.75
25.69
25.69
25.69
25.69
24.94
24.94
23.38
23.38
21.94
21.94
20.75
20.75
19.81
19.81
18.94
18.94
18.19
18.19
17.63
17.63
17.13
17.13
16.69
16.69
16.31
16.31
16.00
16.00
15.56
15.56
15.19
15.19
14.81
14.81
14.44
14.44
14.13
14.13
13.88
13.88
13.69
13.69
13.50
13.50
13.38
13.38
13.13
13.13
12.88
12.88
12.75
12.75
12.56
12.56
12.38
12.38
12.25
12.25
12.19
12.19
12.06
12.06
11.94
11.94
11.88
11.88
11.88
11.88
11.81
11.81
11.81
11.81
11.63
11.63
11.31
11.31
11.13
11.13
11.00
11.00
10.88
10.88
10.69
10.69
10.50
10.50
10.38
10.38
10.19
10.19
10.00
10.00
9.75
9.75
9.50
9.50
9.31
9.31
9.13
9.13
9.00
9.00
9.00
9.00
9.00
9.00
9.06
9.06
9.19
9.19
9.25
9.25
9.31
9.31
9.38
9.38
9.44
9.44
9.50
9.50
9.63
9.63
9.69
9.69
9.75
9.75
9.88
9.88
9.94
9.94
10.00
10.00
9.94
9.94
9.81
9.81
9.75
9.75
9.81
9.81
9.75
9.75
9.75
9.75
9.69
9.69
9.75
9.75
9.75
9.75
9.75
9.75
9.81
9.81
9.88
9.88
9.88
9.88
10.06
10.06
10.25
10.25
10.38
10.38
10.31
10.31
10.19
10.19
10.06
10.06
10.00
10.00
9.94
9.94
9.81
9.81
9.69
9.69
9.56
9.56
9.44
9.44
9.38
9.38
9.38
9.38
9.50
9.50
9.56
9.56
9.63
9.63
9.69
9.69
9.75
9.75
9.81
9.81
9.88
9.88
9.94
9.94
10.06
10.06
10.19
10.19
10.31
10.31
10.50
10.50
10.63
10.63
10.75
10.75
10.88
10.88
11.00
11.00
11.13
11.13
11.25
11.25
11.38
11.38
11.50
11.50
11.63
11.63
11.69
11.69
11.81
11.81
11.94
11.94
12.00
12.00
12.13
12.13
12.63
12.63
13.81
13.81
15.19
15.19
16.50
16.50
17.69
17.69
18.75
18.75
19.75
19.75
20.50
20.50
20.88
20.88
20.88
20.88
19.25
19.25
17.38
17.38
15.88
15.88
14.75
14.75
13.81
13.81
13.06
13.06
12.56
12.56
12.25
12.25
12.06
12.06
11.94
11.94
11.88
11.88
11.81
11.81
11.81
11.81
11.81
11.81
11.81
11.81
11.81
11.81
11.88
11.88
11.94
11.94
12.00
12.00
12.06
12.06
12.13
12.13
12.19
12.19
12.19
12.19
12.25
12.25
12.31
12.31
12.38
12.38
12.44
12.44
12.50
12.50
12.56
12.56
12.63
12.63
12.69
12.69
12.81
12.81
12.88
12.88
12.94
12.94
13.06
13.06
13.13
13.13
13.19
13.19
13.25
13.25
13.38
13.38
13.44
13.44
13.50
13.50
13.56
13.56
13.63
13.63
13.69
13.69
13.75
13.75
13.88
13.88
13.88
13.88
14.00
14.00
14.06
14.06
14.13
14.13
14.19
14.19
14.25
14.25
14.25
14.25
14.31
14.31
14.38
14.38
14.44
14.44
14.50
14.50
14.56
14.56
14.63
14.63
14.69
14.69
14.75
14.75
14.81
14.81
14.81
14.81
14.88
14.88
14.94
14.94
15.00
15.00
15.06
15.06
15.06
15.06
15.13
15.13
15.19
15.19
15.25
15.25
15.25
15.25
15.31
15.31
15.38
15.38
15.38
15.38
15.44
15.44
15.50
15.50
15.56
15.56
15.56
15.56
15.63
15.63
15.69
15.69
15.75
15.75
15.75
15.75
15.81
15.81
15.88
15.88
15.94
15.94
15.94
15.94
16.00
16.00
16.06
16.06
16.13
16.13
16.13
16.13
16.19
16.19
16.25
16.25
16.25
16.25
16.25
16.25
16.31
16.31
16.31
16.31
16.31
16.31
16.31
16.31
16.31
16.31
16.31
16.31
16.31
16.31
16.38
16.38
16.38
16.38
16.38
16.38
16.44
16.44
16.44
16.44
16.50
16.50
16.50
16.50
16.56
16.56
16.63
16.63
16.63
16.63
16.69
16.69
16.69
16.69
16.69
16.69
16.75
16.75
16.75
16.75
16.81
16.81
16.81
16.81
16.88
16.88
16.88
16.88
16.94
16.94
16.94
16.94
17.00
17.00
17.00
17.00
17.06
17.06
17.13
17.13
17.13
17.13
17.19
17.19
17.19
17.19
17.25
17.25
17.25
17.25
17.25
17.25
17.31
17.31
17.38
17.38
17.38
17.38
17.38
17.38
17.44
17.44
17.50
17.50
17.50
17.50
17.50
17.50
17.56
17.56
17.56
17.56
17.63
17.63
17.63
17.63
17.63
17.63
17.69
17.69
17.69
17.69
17.75
17.75
17.75
17.75
17.81
17.81
17.81
17.81
17.81
17.81
17.81
17.81
17.88
17.88
17.88
17.88
17.88
17.88
17.88
17.88
17.88
17.88
17.88
17.88
17.88
17.88
17.88
17.88
17.88
17.88
17.88
17.88
17.88
17.88
17.88
17.88
17.88
17.88
17.94
17.94
17.94
17.94
17.94
17.94
17.94
17.94
17.94
17.94
17.94
17.94
17.94
17.94
17.94
17.94
17.94
17.94
17.94
17.94
17.94
17.94
17.94
17.94
17.94
17.94
17.94
17.94
17.94
17.94
17.94
17.94
17.94
17.94
17.94
17.94
17.94
17.94
17.94
17.94
17.94
17.94
17.94
17.94
17.94
17.94
18.00
18.00
18.00
18.00
18.00
18.00
18.06
18.06
18.13
18.13
18.13
18.13
18.19
18.19
18.19
18.19
18.25
18.25
18.25
18.25
18.31
85.00
85.00
19.50
19.50
18.38
18.38
18.19
-127.00
-127.00
-127.00
-127.00
-127.00
-127.00
-127.00
-127.00
-127.00
-127.00
-127.00
-127.00
-127.00
-127.00
-127.00
-127.00
85.00
85.00
18.69
18.69
18.75
18.75
18.81
18.81
18.81
18.81
18.81
18.81
18.88
18.88
18.88
18.88
18.88
18.88
18.88
85.00
85.00
20.50
20.50
-127.00
-127.00
-127.00
-127.00
-127.00
-127.00
-127.00
-127.00
-127.00
-127.00
-127.00
-127.00
-127.00
-127.00
-127.00
-127.00
-127.00
-127.00
-127.00
-127.00
85.00
85.00
19.19
19.19
19.19
19.19
19.25
19.25
19.25
19.25
19.25
19.25
19.31
19.31
19.31
19.31
19.38
19.38
19.38
19.38
19.38
19.38
19.44
19.44
19.44
19.44
19.44
19.44
19.50
19.50
19.50
19.50
19.50
19.50
19.50
19.50
19.56
19.56
19.56
19.56
19.56
19.56
19.56
19.56
19.63
19.63
19.63
19.63
19.69
19.69
