=~=~=~=~=~=~=~=~=~=~=~= PuTTY log 2022.09.30 12:57:40 =~=~=~=~=~=~=~=~=~=~=~=
Arduino with HC-05 is ready
BTserial started at 9600
22.75
22.75
22.75
22.75
22.81
22.81
22.81
22.81
22.81
22.81
22.81
22.81
22.81
22.81
22.81
22.81
22.81
22.81
22.81
22.81
22.81
22.81
22.81
22.81
22.81
22.81
22.81
22.81
22.81
22.81
23.25
23.25
22.56
22.56
20.19
20.19
17.56
17.56
15.06
15.06
12.94
12.94
11.13
11.13
9.75
9.75
8.69
8.69
8.69
8.69
7.88
7.88
7.88
7.88
7.88
7.31
7.31
7.31
7.31
7.31
6.81
6.81
6.81
6.81
6.81
6.81
6.81
6.38
6.38
5.88
5.88
5.56
5.56
5.25
5.25
4.94
4.94
4.75
4.75
4.56
4.56
4.38
4.38
4.25
4.25
4.06
4.06
3.94
3.94
3.88
3.88
3.75
3.75
3.69
3.69
3.63
3.63
3.56
3.56
3.50
3.50
3.44
3.44
3.38
3.38
3.38
3.38
3.31
3.31
3.25
3.25
3.25
3.25
3.25
3.25
3.19
3.19
3.19
3.19
3.19
3.19
3.13
3.13
3.13
3.13
3.13
3.13
3.13
3.13
3.13
3.13
3.06
3.06
-127.00
-127.00
-127.00
-127.00
-127.00
-127.00
-127.00
-127.00
-127.00
-127.00
-127.00
-127.00
85.00
85.00
2.44
2.44
2.31
2.31
2.19
2.19
2.19
2.19
2.13
2.13
2.13
2.13
2.13
2.13
2.06
2.06
1.75
1.75
1.75
1.75
1.69
1.69
1.69
1.69
1.63
1.63
1.63
1.63
1.56
1.56
1.56
1.56
0.69
0.69
-127.00
-127.00
-127.00
-127.00
-127.00
-127.00
-127.00
-127.00
-127.00
-127.00
85.00
85.00
1.69
1.69
1.81
1.81
2.00
2.00
2.13
2.13
2.25
2.25
2.19
2.19
2.06
2.06
2.06
2.06
2.06
2.06
2.00
2.00
1.88
1.88
1.75
1.75
1.69
1.69
1.63
1.63
1.56
1.56
1.50
1.50
1.44
1.44
1.38
1.38
1.38
1.38
1.31
1.31
1.25
1.25
1.25
1.25
1.25
1.25
1.25
1.25
85.00
85.00
-127.00
-127.00
-127.00
-127.00
-127.00
-127.00
-127.00
-127.00
-127.00
-127.00
-127.00
-127.00
-127.00
-127.00
-127.00
-127.00
-127.00
-127.00
-127.00
-127.00
-127.00
-127.00
-127.00
-127.00
-127.00
-127.00
-127.00
-127.00
-127.00
-127.00
-127.00
-127.00
-127.00
-127.00
-127.00
-127.00
-127.00
-127.00
-127.00
-127.00
-127.00
-127.00
-127.00
-127.00
-127.00
-127.00
-127.00
-127.00
-127.00
-127.00
-127.00
-127.00
-127.00
-127.00
-127.00
85.00
85.00
1.63
1.63
1.56
1.56
1.56
1.56
1.56
1.56
1.56
1.56
1.63
1.63
1.63
1.63
1.63
1.63
1.63
1.63
1.63
1.63
1.63
1.63
1.63
1.63
1.63
1.63
1.63
1.63
1.63
1.63
1.63
1.63
1.63
1.63
1.63
1.63
1.63
1.63
1.63
1.63
1.63
1.63
1.63
1.63
1.63
1.63
1.69
1.69
1.69
1.69
1.69
1.69
1.69
1.69
1.69
1.69
1.69
1.69
1.69
1.69
1.69
1.69
1.69
1.69
1.69
1.69
1.81
1.81
2.06
2.06
2.38
2.38
3.00
3.00
3.88
3.88
4.63
4.63
5.44
5.44
6.19
6.19
6.63
6.63
7.00
7.00
7.25
7.25
7.50
7.50
7.69
7.69
7.88
7.88
8.00
8.00
8.19
8.19
8.31
8.31
8.94
8.94
10.56
10.56
12.19
12.19
13.81
13.81
15.31
15.31
16.25
16.25
16.81
16.81
17.06
17.06
17.19
17.19
17.31
17.31
17.31
17.31
17.31
17.31
17.31
17.31
17.25
17.25
17.19
17.19
17.13
17.13
17.06
17.06
17.00
17.00
16.94
16.94
16.94
16.94
16.81
16.81
16.81
16.81
16.75
16.75
16.75
16.75
16.69
16.69
16.63
16.63
16.63
16.63
16.69
16.69
16.81
16.81
17.06
17.06
17.25
17.25
17.38
17.38
17.63
17.63
17.88
17.88
18.31
18.31
19.13
19.13
20.06
20.06
21.00
21.00
21.81
21.81
22.63
22.63
23.31
23.31
23.75
23.75
24.06
24.06
24.19
24.19
24.19
24.19
24.13
24.13
24.00
24.00
23.94
23.94
23.81
23.81
23.63
23.63
23.50
23.50
23.38
23.38
23.25
23.25
23.13
23.13
23.00
23.00
22.88
22.88
22.81
22.81
22.69
22.69
22.56
22.56
22.50
22.50
22.38
22.38
22.31
22.31
22.19
22.19
22.13
22.13
22.06
22.06
22.00
22.00
21.94
21.94
21.88
21.88
21.81
21.81
21.75
21.75
21.75
21.75
21.69
21.69
21.63
21.63
21.63
21.63
21.63
21.63
21.56
21.56
21.56
21.56
21.56
21.56
21.56
21.56
21.50
21.50
21.50
21.50
21.50
21.50
21.50
21.50
21.56
21.56
21.94
21.94
22.94
22.94
24.06
24.06
25.06
25.06
25.81
25.81
26.31
26.31
26.88
26.88
27.44
27.44
27.81
27.81
28.06
28.06
28.19
28.19
28.25
28.25
28.25
28.25
28.13
28.13
27.88
27.88
27.63
27.63
27.56
27.56
27.88
27.88
28.19
28.19
28.63
28.63
29.06
29.06
29.56
29.56
30.00
30.00
30.25
30.25
30.50
30.50
30.75
30.75
30.94
30.94
31.13
31.13
31.31
31.31
31.50
31.50
31.63
31.63
31.69
31.69
31.81
31.81
31.94
31.94
32.06
32.06
32.19
32.19
32.25
32.25
32.25
32.25
32.19
32.19
32.00
32.00
31.69
31.69
31.38
31.38
31.06
31.06
30.81
30.81
30.63
30.63
30.38
30.38
30.13
30.13
29.88
29.88
29.69
29.69
29.44
29.44
29.25
29.25
29.13
29.13
28.94
28.94
28.81
28.81
28.69
28.69
28.56
28.56
28.50
28.50
28.38
28.38
28.31
28.31
28.25
28.25
28.19
28.19
28.06
28.06
28.06
28.06
28.00
28.00
27.94
27.94
27.88
27.88
27.81
27.81
25.44
25.44
21.88
21.88
18.81
18.81
16.38
16.38
14.38
14.38
12.81
12.81
11.44
11.44
10.31
10.31
9.38
9.38
8.56
8.56
7.88
7.88
7.25
7.25
6.75
6.75
6.38
6.38
6.00
6.00
5.69
5.69
5.44
5.44
5.19
5.19
5.00
5.00
4.94
4.94
4.94
4.94
5.06
5.06
5.19
5.19
5.44
5.44
5.88
5.88
6.50
6.50
7.19
7.19
7.75
7.75
8.13
8.13
8.69
8.69
9.19
9.19
9.75
9.75
10.50
10.50
11.19
11.19
11.69
11.69
12.06
12.06
12.31
12.31
12.50
12.50
12.69
12.69
12.81
12.81
12.94
12.94
13.00
13.00
13.13
13.13
13.19
13.19
13.31
13.31
13.38
13.38
13.44
13.44
13.56
13.56
13.63
13.63
13.69
13.69
13.75
13.75
13.81
13.81
13.88
13.88
13.94
13.94
14.00
14.00
14.00
14.00
14.06
14.06
14.13
14.13
14.19
14.19
14.25
14.25
14.31
14.31
14.38
14.38
14.44
14.44
14.50
14.50
14.56
14.56
14.63
14.63
14.69
14.69
14.75
14.75
14.81
14.81
14.88
14.88
14.94
14.94
15.00
15.00
15.06
15.06
15.13
15.13
15.19
15.19
15.19
15.19
15.25
15.25
15.31
15.31
15.31
15.31
15.38
15.38
15.44
15.44
15.44
15.44
15.50
15.50
15.50
15.50
15.56
15.56
15.63
15.63
15.63
15.63
15.69
15.69
15.69
15.69
15.75
15.75
15.81
15.81
15.88
15.88
15.88
15.88
15.88
15.88
15.94
15.94
16.00
16.00
16.00
16.00
16.06
16.06
16.06
16.06
16.13
16.13
16.19
16.19
16.19
16.19
16.25
16.25
16.25
16.25
16.31
16.31
16.38
16.38
16.38
16.38
16.44
16.44
16.44
16.44
16.50
16.50
16.50
16.50
16.56
16.56
16.63
16.63
16.63
16.63
